Resultats 3 :
[1, 1, 2, 1, 2, 2, 2, 1, 1, 2, 1, 2, 1, 1, 2, 1, 2, 1, 2, 2, 2, 1, 1, 2, 1, 2, 2, 1, 1, 1, 2, 1, 1, 1, 1, 2, 1, 1, 1, 1, 2, 1, 1, 1, 2, 2, 1, 1, 1, 2]
Moyenne :1.400000
Variance : 0.240000 
 
Resultats 4 :
[2, 2, 1, 1, 1, 2, 1, 2, 2, 1, 2, 2, 2, 1, 2, 3, 2, 1, 2, 2, 2, 2, 2, 3, 1, 2, 2, 2, 2, 2, 1, 2, 1, 2, 2, 2, 1, 2, 2, 1, 1, 2, 2, 2, 2, 2, 1, 1, 2, 2]
Moyenne :1.740000 
Variance : 0.272400 
 
Resultats 5 :
[3, 2, 2, 3, 2, 2, 3, 3, 2, 2, 2, 3, 3, 3, 2, 3, 3, 3, 2, 3, 3, 3, 3, 2, 2, 1, 3, 3, 2, 2, 3, 3, 2, 3, 2, 3, 3, 2, 3, 3, 2, 2, 2, 2, 3, 3, 2, 3, 3, 3]
Moyenne :2.540000 
Variance : 0.288400 
 
Resultats 6 :
[3, 3, 3, 4, 3, 3, 4, 3, 3, 3, 3, 4, 3, 2, 3, 3, 3, 5, 4, 4, 3, 2, 1, 3, 3, 2, 3, 3, 3, 2, 3, 3, 4, 3, 4, 3, 3, 4, 3, 4, 3, 4, 4, 3, 4, 3, 3, 2, 4, 3]
Moyenne :3.160000 
Variance : 0.494400 
 
Resultats 7 :
[3, 3, 4, 3, 3, 3, 3, 4, 4, 5, 2, 4, 4, 4, 4, 3, 5, 4, 4, 4, 2, 4, 4, 3, 3, 3, 5, 4, 3, 4, 3, 2, 4, 4, 5, 4, 3, 2, 4, 3]
Moyenne :3.550000 
Variance : 0.647500 
 
